f_weight f_lept1_pt f_lept1_eta f_lept1_phi f_lept2_pt f_lept2_eta f_lept2_phi f_lept3_pt f_lept3_eta f_lept3_phi f_lept4_pt f_lept4_eta f_lept4_phi f_jet1_pt f_jet1_eta f_jet1_phi f_jet2_pt f_jet2_eta f_jet2_phi 
1.0 39.2040977478 0.114205032587 -2.14897847176 43.9796829224 -0.694598078728 0.33865237236 28.455160141 1.19093227386 2.59886169434 5.10696172714 -0.412818878889 0.183075383306 -999.0 -999.0 -999.0 -999.0 -999.0 -999.0 
1.0 35.1044006348 1.07562673092 -1.63489699364 59.1843261719 0.742131650448 1.98386824131 32.7676544189 -0.776889026165 2.45633745193 57.0531768799 -1.00301265717 -0.453537046909 -999.0 -999.0 -999.0 -999.0 -999.0 -999.0 
1.0 51.0854034424 -0.936198294163 0.810692250729 46.9444389343 -0.79158115387 -2.07814240456 28.8109550476 -1.08459544182 2.31050157547 32.7311325073 -0.93577682972 -3.03971147537 -999.0 -999.0 -999.0 -999.0 -999.0 -999.0 
1.0 33.1812210083 0.696638047695 -0.766210198402 82.008682251 0.565786480904 1.30542051792 79.0376739502 1.49139547348 -2.01735925674 17.6758766174 -0.0430578477681 2.57926654816 -999.0 -999.0 -999.0 -999.0 -999.0 -999.0 
1.0 67.0623550415 0.645813584328 -0.255577206612 30.8173274994 -0.590276300907 -2.01056265831 28.9678401947 -0.441004902124 -1.52507913113 88.8386611938 -0.669317364693 2.51198458672 -999.0 -999.0 -999.0 -999.0 -999.0 -999.0 
1.0 29.7197780609 -2.24635124207 1.65805864334 66.9443511963 -1.90740251541 -1.14585328102 84.2722244263 -1.93508529663 1.38160717487 29.4287071228 -1.85196435452 -2.4394800663 -999.0 -999.0 -999.0 -999.0 -999.0 -999.0 
1.0 63.8105964661 0.314250379801 1.2540974617 23.8691864014 1.23176133633 -1.7426378727 56.1279144287 0.808426916599 -1.89249312878 26.3795280457 1.74465060234 1.47202241421 -999.0 -999.0 -999.0 -999.0 -999.0 -999.0 
1.0 91.7972793579 -1.03568804264 -2.55022335052 41.2646942139 -0.754315912724 2.07425832748 107.534988403 -1.48467278481 0.00437708618119 13.4814786911 0.20744793117 1.75943088531 -999.0 -999.0 -999.0 -999.0 -999.0 -999.0 
1.0 34.3314857483 0.218553304672 -1.73932230473 23.4933280945 2.30928468704 1.8494437933 50.3748168945 0.0670571252704 -1.38667309284 38.1273155212 0.197554901242 1.59896564484 -999.0 -999.0 -999.0 -999.0 -999.0 -999.0 
1.0 59.5220565796 1.28733432293 2.02971839905 22.5168685913 -0.733717501163 2.71133351326 26.0841007233 -0.790642917156 -2.91376161575 88.4276046753 -0.502093017101 -0.683833420277 -999.0 -999.0 -999.0 -999.0 -999.0 -999.0 
1.0 13.1922616959 -2.06237077713 -1.63154804707 36.0407218933 0.276841819286 2.44383311272 21.2337436676 0.535349428654 -0.402400076389 15.2362251282 -0.249854966998 -1.08606815338 -999.0 -999.0 -999.0 -999.0 -999.0 -999.0 
1.0 34.9130973816 -1.97905433178 -2.57436728477 18.0763893127 0.551395773888 1.41024076939 29.7924232483 -2.33639979362 -1.68431437016 26.1294631958 -0.543098330498 1.51466274261 46.8753852844 -3.93477940559 -2.06031537056 34.1300010681 2.29720520973 -0.501618206501 
1.0 50.063457489 -0.385197222233 -2.92241024971 37.056804657 -1.87463581562 -1.28629970551 20.8083457947 -0.674680531025 -1.45746982098 15.1874952316 -0.00941374711692 -2.6120467186 56.4418144226 -1.65062737465 0.896377444267 -999.0 -999.0 -999.0 
1.0 14.0824317932 -1.25405156612 2.36414790154 39.312877655 -0.44108876586 0.134302392602 11.8351039886 0.33175355196 -2.83882689476 12.4025726318 0.694998025894 -1.86096572876 -999.0 -999.0 -999.0 -999.0 -999.0 -999.0 
1.0 33.0979576111 -0.362124532461 -1.28189218044 24.7923145294 -0.243221849203 1.83673381805 33.4612998962 0.358684301376 0.164025768638 14.1249485016 -0.332141548395 -0.412541747093 50.3297195435 -0.482875943184 -2.94463396072 -999.0 -999.0 -999.0 
1.0 111.821395874 0.0570827685297 2.46706461906 40.2886276245 -1.10294628143 3.00344562531 9.28214931488 -1.84101629257 -2.39266395569 7.23386049271 -1.93693447113 0.312998533249 128.082183838 -1.3518178463 -0.156629025936 60.2856178284 -4.14475774765 -1.15239095688 
1.0 49.0648117065 -0.688442111015 -2.63753080368 33.5415725708 -1.28121697903 0.660818517208 45.3136901855 -0.704748690128 0.909756779671 26.9825706482 0.0732705816627 -1.68709099293 -999.0 -999.0 -999.0 -999.0 -999.0 -999.0 
1.0 31.7481555939 0.0953066274524 -2.12875723839 61.5284385681 0.710269570351 1.50761318207 45.7137527466 1.04280984402 -0.995817363262 54.4749526978 0.813487350941 1.33657097816 43.3370666504 1.92993712425 -1.9045996666 -999.0 -999.0 -999.0 
1.0 27.8142299652 1.10383009911 -0.982260346413 66.2439117432 -0.563062727451 -2.05667328835 78.8370132446 0.589588284492 1.26495051384 25.0389614105 0.595699846745 -2.30837535858 -999.0 -999.0 -999.0 -999.0 -999.0 -999.0 
1.0 67.3437423706 -2.43491792679 1.91007781029 53.0590782166 -2.07653331757 -2.65769910812 51.2243347168 -1.61830461025 -0.95473575592 9.73943805695 -1.08483290672 -0.549907743931 -999.0 -999.0 -999.0 -999.0 -999.0 -999.0 
1.0 12.9790182114 -1.10019302368 -2.78533029556 66.472984314 -0.469046980143 0.393214821815 7.51412963867 -1.58494472504 -1.81597471237 8.77068042755 -0.879519879818 2.49909520149 41.0091018677 -2.24063014984 -2.96760821342 -999.0 -999.0 -999.0 
1.0 39.14585495 -0.564309597015 -0.205503374338 31.8157539368 0.960832774639 2.69606757164 128.246246338 1.69554805756 1.16010224819 16.0865135193 -0.00686036469415 1.88608634472 150.430648804 -0.72275352478 -1.98054540157 -999.0 -999.0 -999.0 
1.0 37.7831115723 1.57403469086 1.93028342724 36.5973777771 0.942861437798 -1.08191561699 5.82496595383 1.60690832138 -2.07976770401 8.13483810425 1.25000345707 0.225957140326 -999.0 -999.0 -999.0 -999.0 -999.0 -999.0 
1.0 28.7143802643 0.82337385416 2.39974284172 22.4656028748 1.00211179256 -0.828431248665 11.9877767563 -1.21447110176 -0.805245518684 9.88865470886 0.838609814644 2.76061105728 -999.0 -999.0 -999.0 -999.0 -999.0 -999.0 
1.0 34.2466545105 -1.90061533451 2.30697774887 56.3150253296 -2.29181623459 -0.761482059956 41.0988235474 -0.705478847027 -2.67162227631 43.025932312 0.493961960077 1.3321685791 -999.0 -999.0 -999.0 -999.0 -999.0 -999.0 
1.0 66.4051513672 0.965939700603 -1.25114881992 35.2211647034 0.886286497116 0.606375455856 29.6203384399 0.377501666546 2.3349468708 8.45939540863 0.946212530136 -2.39048242569 44.4301681519 -0.442308753729 1.49279797077 -999.0 -999.0 -999.0 
1.0 49.8543891907 2.02977538109 -1.28605651855 40.8205795288 1.97408854961 1.98323965073 43.7759666443 0.752196967602 -1.11560487747 43.5486106873 1.80072879791 2.00367259979 -999.0 -999.0 -999.0 -999.0 -999.0 -999.0 
1.0 46.4162979126 0.75975549221 -2.983471632 40.7187080383 -0.373768746853 1.18105530739 52.1098976135 1.26851522923 -0.412596642971 39.7348480225 0.624279856682 3.03992199898 -999.0 -999.0 -999.0 -999.0 -999.0 -999.0 
1.0 27.8298377991 -1.3065366745 0.302942186594 31.2014713287 -0.921198666096 -2.68988585472 5.44192743301 -1.8254609108 -2.50798535347 31.8191280365 -1.03518879414 -2.98228526115 -999.0 -999.0 -999.0 -999.0 -999.0 -999.0 
1.0 12.0450496674 -1.33604705334 -2.43391704559 32.4066009521 1.7731410265 -1.34087347984 52.2382965088 -0.713440299034 -1.33169126511 34.37758255 0.0839946866035 2.32445144653 31.4374542236 3.19077897072 1.3172134161 -999.0 -999.0 -999.0 
1.0 60.034034729 0.501357614994 -2.17777824402 48.2810287476 -0.484709888697 -0.681606590748 58.1398277283 0.535423398018 2.04018950462 40.0548667908 0.572047054768 -0.602079808712 51.8243865967 1.8270277977 1.76845490932 -999.0 -999.0 -999.0 
1.0 5.18210411072 -1.89662480354 1.68665635586 27.332244873 1.19982242584 1.80946755409 19.8582630157 1.48685789108 1.77853691578 17.3671569824 1.20222067833 2.49944353104 68.6583099365 -0.47909283638 -1.38149571419 -999.0 -999.0 -999.0 
1.0 38.2173576355 1.00151383877 -1.51155304909 26.7455234528 0.0444663986564 -0.244150802493 14.0348205566 1.35766971111 1.42029356956 8.05123138428 0.283110797405 -2.23422765732 -999.0 -999.0 -999.0 -999.0 -999.0 -999.0 
1.0 33.0003051758 0.561706960201 -1.97796869278 53.3089675903 -0.738562226295 0.690141201019 28.089263916 -0.48327422142 -2.8607301712 7.94069194794 -0.3924074471 1.61539757252 -999.0 -999.0 -999.0 -999.0 -999.0 -999.0 
1.0 49.15209198 -0.282003164291 1.25487947464 24.7644519806 1.28656113148 -1.99408197403 8.60356140137 -0.935998558998 3.11903357506 7.91943502426 2.04352331161 -1.40884804726 40.7146224976 -0.593595802784 -1.76668047905 -999.0 -999.0 -999.0 
1.0 47.9267463684 -1.01017975807 2.44955468178 51.1107139587 -0.778518795967 -1.54763793945 187.804733276 -0.732641935349 1.89750218391 13.7781705856 -0.512772619724 1.06221628189 269.541534424 -0.110825963318 -0.995994150639 104.245025635 0.178901955485 1.33535194397 
1.0 25.9646911621 -0.833676040173 -0.0756286755204 29.2536087036 0.959727406502 2.86541724205 10.9210805893 0.484260737896 -1.28268766403 25.3089351654 0.734481453896 1.1682921648 34.3403663635 0.337308436632 -2.7607896328 -999.0 -999.0 -999.0 
1.0 12.3890104294 1.9733530283 1.22086036205 114.849601746 1.94138026237 -2.4259455204 5.15199184418 0.616424620152 0.326593160629 89.7429275513 1.08250188828 0.657769799232 33.1433830261 -2.6635453701 1.65727746487 -999.0 -999.0 -999.0 
1.0 93.5106201172 0.730382740498 -1.91010844707 21.1277084351 0.272772073746 1.09901309013 56.2582397461 -0.910029292107 -0.0489760972559 50.8114624023 -0.912858664989 2.23890113831 33.7140312195 -0.146698579192 1.8205896616 -999.0 -999.0 -999.0 
1.0 23.2845191956 -1.15224575996 1.1043138504 19.8112010956 0.593315303326 -2.52432465553 29.4731655121 -1.06731951237 2.95839619637 63.4530105591 -0.481865912676 3.06727933884 81.8859786987 -1.08945477009 -0.611178100109 35.1302947998 2.65952539444 -1.04769814014 
1.0 94.2452468872 -1.62316453457 2.56498837471 20.5130901337 -0.245590180159 0.922332644463 39.7791595459 -1.20514786243 3.13959670067 13.35542202 -1.84029126167 2.89833927155 58.4903030396 0.644781649113 -0.624576628208 31.7254142761 0.142041802406 -0.964791297913 
1.0 27.2807006836 1.03095638752 -2.4857776165 18.6573143005 -0.740661144257 1.34028756618 20.866519928 0.233982250094 0.988554060459 7.80148172379 -0.257262945175 1.84553599358 35.1685523987 -1.66853690147 -2.62297677994 -999.0 -999.0 -999.0 
1.0 34.5680923462 0.35041937232 2.5979142189 57.8419837952 -0.171650961041 -0.901250123978 53.0950508118 1.19862067699 2.57613158226 28.1241416931 0.104395069182 -0.191303744912 -999.0 -999.0 -999.0 -999.0 -999.0 -999.0 
1.0 38.535358429 -0.693850874901 3.01388883591 58.6502876282 -0.389047533274 0.611470580101 42.5366706848 -2.03200078011 -1.91888904572 5.70635414124 1.5836994648 -0.445328742266 -999.0 -999.0 -999.0 -999.0 -999.0 -999.0 
1.0 66.6960449219 0.32457202673 0.8986774683 61.384059906 0.0796616151929 2.46028280258 55.6000556946 -2.07626271248 -1.35723459721 31.3733596802 -2.40114307404 -1.71687662601 -999.0 -999.0 -999.0 -999.0 -999.0 -999.0 
1.0 39.9444084167 -1.14174127579 0.165936842561 41.7089538574 -0.15164899826 -3.06032109261 43.9498443604 -0.140696197748 -1.96349179745 41.457447052 -0.614123284817 1.02991998196 -999.0 -999.0 -999.0 -999.0 -999.0 -999.0 
1.0 56.749710083 -1.30400848389 -2.47672820091 37.231502533 -0.384687781334 -0.205584615469 27.0784053802 -0.92099148035 1.38066840172 11.6108379364 -0.122266158462 0.52410620451 -999.0 -999.0 -999.0 -999.0 -999.0 -999.0 
1.0 55.0761375427 0.88267660141 2.03982424736 53.8687705994 0.965535342693 -0.0659777000546 47.6126365662 2.30534911156 -2.54774570465 31.3892536163 0.921413004398 0.282589733601 -999.0 -999.0 -999.0 -999.0 -999.0 -999.0 
1.0 40.8874702454 -0.131750434637 -2.95213937759 51.7727890015 -0.60040128231 0.721848905087 19.6512775421 -0.715526580811 -1.76388370991 7.5322136879 -1.08104550838 -0.686554133892 -999.0 -999.0 -999.0 -999.0 -999.0 -999.0 
1.0 43.922706604 -0.080906547606 2.21141982079 37.0977401733 -1.55162775517 -0.403421401978 31.0516719818 1.01872372627 -1.87805509567 13.7005147934 0.819547951221 0.34432798624 -999.0 -999.0 -999.0 -999.0 -999.0 -999.0 
1.0 53.8256950378 -0.826069176197 1.23017907143 39.9965591431 -0.188152641058 -2.71212244034 22.320728302 -1.24494802952 0.42571246624 36.5528488159 0.749646008015 -1.51865494251 -999.0 -999.0 -999.0 -999.0 -999.0 -999.0 
1.0 22.8321247101 -1.81892800331 2.63495802879 31.6954059601 -1.06251633167 -0.378890872002 12.9548454285 -1.81337475777 -2.0647559166 17.6543331146 -0.409386456013 1.95890557766 -999.0 -999.0 -999.0 -999.0 -999.0 -999.0 
1.0 39.6732711792 -2.38941311836 -1.7012001276 48.9457206726 -1.77672767639 1.35443472862 39.0406723022 -1.65319144726 -0.758417546749 56.9267997742 -1.60970520973 3.01544690132 -999.0 -999.0 -999.0 -999.0 -999.0 -999.0 
1.0 79.5566940308 -0.609854221344 0.119390033185 15.4602565765 1.06725108624 -2.30561375618 46.2680053711 1.97741746902 -1.88232922554 34.3109893799 0.328786045313 3.08576989174 -999.0 -999.0 -999.0 -999.0 -999.0 -999.0 
1.0 58.0414161682 -0.208720520139 -1.97227060795 44.5258674622 -0.0929883643985 0.273247301579 63.3839569092 -0.465538173914 2.28522729874 26.8733158112 0.606319606304 -1.15387427807 -999.0 -999.0 -999.0 -999.0 -999.0 -999.0 
1.0 40.3038864136 -0.762901961803 0.480402618647 144.457580566 -0.480233669281 1.84115564823 58.6720352173 -0.0558919645846 -0.54853874445 29.1866436005 0.880167961121 -2.36443352699 49.9576644897 -0.141364842653 -1.20907127857 -999.0 -999.0 -999.0 
1.0 11.964302063 -1.89113593102 1.17403531075 72.4565124512 0.117295667529 -1.93972659111 43.5850410461 -0.46431234479 -0.770099818707 54.9188575745 0.0203663744032 1.58359730244 -999.0 -999.0 -999.0 -999.0 -999.0 -999.0 
1.0 42.613697052 1.52749049664 -0.947384893894 51.4312324524 0.859077572823 1.34863209724 14.5015058517 -1.37640297413 2.14877700806 47.8533439636 1.23748016357 1.09414088726 60.5568847656 -0.49860933423 -2.98988842964 -999.0 -999.0 -999.0 
1.0 38.3122062683 -2.05247998238 -1.15308833122 30.35181427 -2.22710037231 1.34779167175 7.94397974014 -1.86821699142 -0.866292417049 17.4589653015 -2.05544996262 2.80698633194 -999.0 -999.0 -999.0 -999.0 -999.0 -999.0 
1.0 11.1196498871 -2.19528722763 1.32289373875 32.930721283 -0.0066511281766 -1.55176997185 10.023853302 -0.313327848911 -1.2559094429 13.8988323212 0.331743389368 0.0979998707771 31.6791629791 -2.78384160995 2.65935063362 -999.0 -999.0 -999.0 
1.0 50.0028152466 -1.29736030102 -1.58297646046 43.6098365784 -1.77819657326 0.936160981655 53.4144515991 0.645421981812 -2.519343853 19.9097576141 -0.297917991877 0.0307068135589 45.0005493164 2.58874678612 -1.3295096159 34.4697036743 -0.386463046074 1.80370461941 
1.0 102.03440094 0.824943482876 0.738462924957 40.1780891418 0.876303911209 2.30386805534 68.7013168335 0.423879534006 -1.52228355408 24.5785560608 0.222492098808 -1.73768043518 40.6597099304 2.62893795967 -3.03156590462 -999.0 -999.0 -999.0 
1.0 41.2761688232 2.09676790237 -1.44628047943 110.158035278 1.038615942 -2.19521975517 92.8134841919 0.12130433321 1.81742942333 52.8164291382 -0.166998237371 0.532159864902 33.2863922119 0.594597280025 -0.453820466995 -999.0 -999.0 -999.0 
1.0 33.8390159607 -1.84011638165 1.80959069729 28.5449466705 0.0804001539946 -1.42011249065 6.73281908035 -2.21864914894 1.94271862507 20.1286182404 -0.0634952709079 -1.96845555305 -999.0 -999.0 -999.0 -999.0 -999.0 -999.0 
1.0 28.9097137451 -0.71312636137 -2.37977838516 53.2261314392 0.634836137295 -0.167179986835 44.6233901978 2.02083015442 0.27599966526 78.3383712769 2.16662764549 2.09526777267 37.5723648071 0.26741412282 -2.52943134308 -999.0 -999.0 -999.0 
1.0 104.278038025 -0.95135897398 -2.31198430061 21.4909667969 -0.838980555534 1.43000304699 87.8046112061 -0.361881971359 0.584486722946 45.443157196 -0.642673909664 2.1270339489 -999.0 -999.0 -999.0 -999.0 -999.0 -999.0 
1.0 103.366958618 2.23773407936 1.71274781227 36.2762031555 1.67529404163 3.06637334824 92.2952804565 -0.393246084452 -1.08355724812 7.5606713295 1.82297801971 0.627473950386 34.2630348206 0.949282646179 -1.50510084629 -999.0 -999.0 -999.0 
1.0 125.807022095 0.732523977757 1.88563919067 22.4018535614 -0.5941157341 0.92498677969 53.0122871399 0.54052311182 -1.42317223549 27.0137176514 0.78708255291 1.63247931004 110.187133789 -1.28473722935 -2.31877493858 54.1649856567 -0.536109864712 -0.781880795956 
1.0 153.619827271 0.76892387867 0.785873353481 7.64760446548 -0.874901413918 -2.48795604706 41.4113426208 1.80542945862 -2.88127350807 66.0743484497 1.34645318985 1.51319766045 189.721740723 1.19125568867 -2.1343266964 -999.0 -999.0 -999.0 
1.0 56.4730377197 0.332999438047 0.62601429224 108.043174744 0.883807420731 -0.400735467672 54.7328300476 -0.0594147890806 1.98504197598 53.0797920227 0.860880255699 1.53679978848 69.1196594238 1.03920722008 -2.37711191177 -999.0 -999.0 -999.0 
1.0 59.0403366089 -1.73036003113 -0.524848639965 27.5048027039 -0.501140236855 -2.91870427132 84.7528839111 -0.0305375885218 2.35652685165 21.6242866516 1.14768767357 -1.90079832077 36.9911117554 -1.50592207909 0.366762399673 -999.0 -999.0 -999.0 
1.0 56.8989524841 0.354580104351 1.88133180141 35.9267807007 1.71320033073 -2.5840485096 26.8783874512 -0.834394156933 -0.626447975636 11.8032770157 0.338130623102 -2.55826950073 41.6800727844 0.224057093263 0.948624312878 30.3132038116 0.976189732552 -0.876517057419 
1.0 54.0100250244 1.54018449783 -1.56176686287 64.6639633179 0.788684368134 -1.31158411503 45.3274307251 -1.20155358315 1.41324579716 14.1832256317 -0.557983636856 -2.91831541061 96.0858917236 2.68942809105 2.93732190132 41.5473976135 3.19325256348 2.84596037865 
1.0 53.971031189 -1.17250955105 -2.16406989098 72.0765762329 0.203625932336 -2.00229740143 122.415969849 1.26764583588 0.764011979103 33.3162078857 1.39535796642 2.2692489624 -999.0 -999.0 -999.0 -999.0 -999.0 -999.0 
1.0 103.136146545 1.38225841522 0.983395338058 26.371055603 0.808467507362 -1.01319932938 101.964637756 1.01610612869 -2.04869318008 13.8240804672 -0.412987947464 0.62241256237 71.4776687622 -1.5105741024 -2.97460412979 37.6107597351 0.0299677327275 0.848374903202 
1.0 5.22907781601 -2.00611925125 0.463161915541 148.526824951 -1.0152708292 -2.53668355942 176.839187622 -2.13230276108 0.868868529797 7.84848165512 -2.16847586632 1.43434357643 -999.0 -999.0 -999.0 -999.0 -999.0 -999.0 
1.0 61.5517692566 1.14700579643 1.02161204815 57.8655853271 1.16282510757 -0.761878788471 57.5044898987 1.14132428169 -1.87271559238 50.3048973083 0.752600312233 2.35837745667 31.5706043243 -3.78071331978 2.50049519539 -999.0 -999.0 -999.0 
1.0 27.1536712646 1.26577377319 2.62047100067 30.3239650726 1.93765282631 -0.269610762596 7.80135679245 0.479354709387 -2.93214464188 16.2348537445 0.643953502178 2.08349275589 -999.0 -999.0 -999.0 -999.0 -999.0 -999.0 
1.0 41.6116676331 2.44134306908 2.5326397419 40.3483467102 1.23994374275 0.0712306946516 20.8831729889 0.209149390459 -1.49436306953 11.2902774811 1.08818876743 -1.77066421509 -999.0 -999.0 -999.0 -999.0 -999.0 -999.0 
1.0 63.0840759277 0.556364238262 0.687581777573 35.3580589294 -0.512725234032 -1.24414455891 26.9164199829 -2.10223722458 -2.24749946594 29.6572151184 -1.15392839909 -1.88037192822 76.6917877197 1.7548416853 2.78512835503 44.8762435913 -1.93833565712 0.103089690208 
1.0 30.678730011 1.00369656086 0.375676602125 65.9920806885 0.411552369595 3.07612514496 68.3309555054 1.01530849934 2.37558078766 31.5581302643 0.84355199337 -0.905164539814 99.2285003662 1.21283686161 -0.439006239176 -999.0 -999.0 -999.0 
1.0 121.217948914 1.51543068886 -3.05757904053 26.8473320007 1.79439365864 1.27005803585 91.63722229 0.703420996666 -0.856603562832 18.1361293793 2.23114323616 0.471183151007 -999.0 -999.0 -999.0 -999.0 -999.0 -999.0 
1.0 90.5760421753 0.192680373788 0.69488465786 23.1377277374 0.0486944280565 -2.20049357414 33.2572517395 1.72908639908 0.449780255556 25.7816638947 -0.50655901432 -1.4096711874 63.3870735168 -0.818816959858 -3.07346081734 -999.0 -999.0 -999.0 
1.0 29.2706832886 -1.62659561634 -0.243760883808 23.8120326996 0.67744666338 2.60126471519 36.3272514343 -1.03006219864 -0.726540267467 42.5723304749 -2.02001261711 2.73409056664 -999.0 -999.0 -999.0 -999.0 -999.0 -999.0 
1.0 24.7864303589 0.754197776318 -2.41383361816 83.1489562988 0.916423618793 0.819283127785 68.8324432373 -0.678147494793 -2.37647795677 29.5222377777 -0.308540970087 0.866255521774 -999.0 -999.0 -999.0 -999.0 -999.0 -999.0 
1.0 18.6384601593 -1.18818128109 -3.03497433662 32.6814994812 0.0642881020904 0.791803479195 10.0243501663 1.03300702572 2.85855698586 12.1619586945 0.158476009965 -0.802742362022 -999.0 -999.0 -999.0 -999.0 -999.0 -999.0 
1.0 45.4962043762 0.329415023327 -1.01342988014 30.4038639069 -0.232299074531 2.31334519386 12.7449636459 1.09201419353 -1.94438099861 29.5609741211 0.455823808908 2.45278906822 -999.0 -999.0 -999.0 -999.0 -999.0 -999.0 
1.0 71.700340271 0.776613473892 3.11969256401 53.8271484375 -0.110358059406 -2.02339410782 19.2721881866 -1.20308184624 2.25424838066 114.122756958 -0.562521398067 0.236272484064 -999.0 -999.0 -999.0 -999.0 -999.0 -999.0 
1.0 50.5162277222 0.760612428188 1.20090174675 77.4814376831 -0.046458132565 2.4419965744 8.34174346924 -2.23046803474 1.57014524937 12.4514989853 -0.288853108883 -0.905297219753 101.694313049 -2.64053845406 -1.10475766659 -999.0 -999.0 -999.0 
1.0 17.7570457458 -0.0217576622963 1.83812224865 22.6325016022 -0.934690475464 -1.09800028801 20.8157577515 -1.00139927864 -2.83286809921 16.6082496643 0.0918536707759 0.599571526051 -999.0 -999.0 -999.0 -999.0 -999.0 -999.0 
1.0 115.535415649 -0.804667830467 -2.70985341072 33.3979568481 0.252765804529 -1.63268327713 72.9920120239 1.44483828545 0.60482698679 16.0608520508 1.82756054401 0.637233197689 -999.0 -999.0 -999.0 -999.0 -999.0 -999.0 
1.0 46.9769592285 1.06815838814 2.86760497093 60.3921165466 1.56848526001 -1.36405217648 9.42378616333 -1.37758779526 -0.562148272991 29.16522789 -0.414392858744 -2.12395191193 65.6872940063 0.192251741886 0.905411839485 60.2266426086 0.0607992224395 1.72384083271 
1.0 37.0593223572 0.12961474061 2.7292675972 49.6691741943 0.709369778633 -0.344031125307 29.630147934 0.521669685841 -1.45168697834 55.7569313049 -0.169437035918 1.63034403324 -999.0 -999.0 -999.0 -999.0 -999.0 -999.0 
1.0 155.904800415 -0.513159453869 -1.99671304226 12.0980863571 0.154910460114 0.939073681831 161.464187622 -0.24668392539 0.895687639713 22.8761825562 -1.09113168716 2.61310744286 -999.0 -999.0 -999.0 -999.0 -999.0 -999.0 
1.0 125.695289612 -0.0108842421323 1.59095680714 51.5302619934 0.260625988245 2.76831769943 32.2366027832 -1.19522595406 -1.45543181896 138.36265564 -0.0675972625613 -2.21721529961 81.7874145508 0.450838983059 0.0495209768414 -999.0 -999.0 -999.0 
1.0 97.3739776611 0.454461991787 0.527745246887 22.0318279266 -0.852445244789 -0.986262619495 66.1016311646 -1.35662078857 -3.08629155159 90.1035766602 -0.268407464027 -2.83941817284 40.3371887207 -1.99966049194 -0.0434606298804 -999.0 -999.0 -999.0 
1.0 52.8903541565 0.575391173363 1.98556017876 49.9213104248 0.871584832668 -2.15347599983 44.7482185364 -0.828855752945 1.16871118546 58.2639312744 -1.00916993618 -1.04729628563 -999.0 -999.0 -999.0 -999.0 -999.0 -999.0 
1.0 58.941570282 -1.56334590912 2.54165077209 76.7237548828 -1.36428022385 -2.25205826759 47.9391670227 -1.34156155586 -0.353730171919 61.2985801697 -0.443963587284 1.07528030872 -999.0 -999.0 -999.0 -999.0 -999.0 -999.0 
1.0 31.6615772247 -2.2056581974 3.13171195984 60.7899894714 -0.69102627039 0.292504489422 22.6311206818 -0.756893634796 -2.81282091141 22.0377445221 -0.93034517765 -1.57818698883 44.5752868652 -0.542170464993 0.768280804157 -999.0 -999.0 -999.0 
1.0 23.834444046 1.45156264305 -2.11701107025 87.3877258301 1.4048718214 1.07718813419 78.2352905273 0.082527436316 -2.7817234993 25.9090766907 0.88358682394 -0.363047540188 -999.0 -999.0 -999.0 -999.0 -999.0 -999.0 
1.0 43.0944404602 1.28608334064 2.96123099327 49.6857948303 0.312051683664 1.11640298367 12.2261447906 -1.05770504475 0.0672876015306 44.9642829895 1.36009180546 -2.03151035309 -999.0 -999.0 -999.0 -999.0 -999.0 -999.0 
1.0 21.5114574432 1.5833234787 -2.96808385849 24.2526741028 0.270331114531 -0.168888852 7.34228372574 1.24466121197 2.88071012497 16.6662502289 -0.64411085844 2.25185084343 -999.0 -999.0 -999.0 -999.0 -999.0 -999.0 
1.0 30.6885566711 -1.42826879025 -0.202354326844 30.8895778656 0.478897929192 2.90488767624 8.58975982666 -0.762437999249 -1.27673268318 36.9885902405 -0.302458822727 0.946071982384 -999.0 -999.0 -999.0 -999.0 -999.0 -999.0 
1.0 23.5119171143 -2.07428646088 -2.94735836983 73.995262146 -0.620213210583 -1.28535437584 22.5638580322 -1.97010719776 2.67948627472 97.3123626709 -0.71749997139 1.23914086819 -999.0 -999.0 -999.0 -999.0 -999.0 -999.0 
1.0 47.6620903015 2.15048480034 -1.25731050968 29.0926589966 0.94211769104 2.05188322067 11.7456483841 0.164613425732 -0.507113516331 11.344379425 1.02379024029 0.172510579228 -999.0 -999.0 -999.0 -999.0 -999.0 -999.0 
1.0 42.9500617981 -0.231791004539 -1.25498569012 57.8322677612 -0.281520962715 2.71525335312 16.3539562225 -1.49533760548 2.58146166801 50.2452354431 0.65567946434 0.174372762442 -999.0 -999.0 -999.0 -999.0 -999.0 -999.0 
1.0 28.3920993805 1.44852435589 -0.0920414403081 70.8913421631 1.16214060783 2.99939131737 39.2591743469 -0.73641449213 -1.59954953194 66.253074646 0.0780399292707 0.498873710632 -999.0 -999.0 -999.0 -999.0 -999.0 -999.0 
1.0 35.5052070618 1.06375038624 0.636520504951 21.2388248444 0.192232251167 -1.19174849987 10.0020618439 -0.0740141049027 -3.01324415207 15.8636045456 0.944666385651 -2.96269345284 -999.0 -999.0 -999.0 -999.0 -999.0 -999.0 
1.0 39.0067176819 2.20187020302 1.67510962486 26.3574676514 0.399231165648 -0.871006011963 6.94981765747 -0.228618055582 -2.13410830498 8.14814472198 0.234284445643 1.00150322914 -999.0 -999.0 -999.0 -999.0 -999.0 -999.0 
1.0 111.875350952 -0.458954751492 -0.391811162233 30.6900215149 0.769617438316 -1.2703897953 152.751083374 -1.35498476028 2.59840345383 16.56939888 -1.1834692955 0.132828384638 41.6705932617 0.504416048527 -0.224872246385 -999.0 -999.0 -999.0 
1.0 50.9601745605 1.96056675911 -2.24470996857 32.4754829407 0.787123739719 1.72572982311 28.2640399933 -0.627245426178 -0.320634007454 69.9727020264 0.0318550728261 2.93927574158 108.993843079 -0.429673284292 1.39942026138 34.6339683533 2.86708235741 -0.4247803092 
1.0 54.0444145203 -0.381599992514 -2.54967927933 39.6525268555 -0.158043339849 0.930645704269 8.02674674988 -1.19254648685 -0.705226898193 175.723403931 0.550349771976 0.666599571705 345.56048584 -1.72376513481 -2.80212450027 179.078445435 0.507174015045 -0.0829089805484 
1.0 89.1606903076 2.36224865913 1.3921431303 11.564620018 0.385959714651 -0.475718796253 85.1857223511 0.0941909104586 -2.16855311394 23.7794513702 -0.649097025394 1.98252630234 41.0387191772 -3.1344499588 -0.230678513646 33.7503700256 0.430431067944 0.461826205254 
1.0 22.0888957977 0.24139277637 1.26249015331 89.5880355835 -0.931613206863 -2.8332195282 80.0227355957 -1.07389378548 0.604057967663 19.6653690338 -1.91148304939 -2.09914326668 -999.0 -999.0 -999.0 -999.0 -999.0 -999.0 
1.0 26.0856761932 -0.357605308294 -2.63518929482 59.9912414551 0.414766043425 -1.58298385143 26.0349655151 -0.0534343197942 -2.93613839149 20.4195270538 -0.187058702111 -2.37767076492 64.7018051147 -0.605743288994 0.0844060629606 53.0661010742 0.954340279102 2.84857678413 
1.0 58.8783683777 1.27649831772 -0.224015966058 34.9598808289 0.666110157967 -2.75172829628 71.5620117188 2.34362268448 2.96011662483 32.7495689392 2.1454911232 0.252573609352 -999.0 -999.0 -999.0 -999.0 -999.0 -999.0 
1.0 84.7928619385 1.04887223244 1.32707202435 30.6552715302 1.07445216179 -2.7791993618 182.276657104 1.37610125542 -2.18551397324 8.17150306702 0.490846991539 1.50234913826 144.919769287 -1.7294203043 0.576155185699 -999.0 -999.0 -999.0 
1.0 53.6404647827 1.67881095409 1.42347109318 53.6404647827 2.32799220085 2.25999259949 41.7541770935 1.96296906471 -0.986367344856 6.43650245667 1.7046995163 0.887459039688 38.190284729 0.704776406288 -2.6884829998 -999.0 -999.0 -999.0 
1.0 37.7618141174 -1.16250514984 1.16974627972 18.3382606506 -1.27513432503 -1.00517892838 14.854016304 -1.38361668587 -2.79196047783 17.1999797821 -0.762081980705 -2.13742470741 -999.0 -999.0 -999.0 -999.0 -999.0 -999.0 
1.0 7.11416101456 -1.55855953693 -1.71546316147 80.2377166748 1.08895874023 -2.08522462845 35.92420578 -0.00707689439878 0.669140338898 12.2825632095 0.864906787872 -0.974087059498 45.6125717163 -0.773241519928 -1.65834319592 37.4894180298 1.00189423561 1.75144743919 
1.0 19.9831447601 -1.83377587795 -1.7289069891 12.000125885 0.402629137039 1.85403585434 30.6958847046 0.601434886456 2.08799004555 8.03129577637 -0.536872029305 -2.58951067924 -999.0 -999.0 -999.0 -999.0 -999.0 -999.0 
1.0 34.0614204407 0.788699448109 -0.63244664669 84.1186904907 0.916233658791 -2.58660411835 23.0003395081 0.845159053802 -1.47347187996 82.2934646606 0.857929885387 1.52180123329 -999.0 -999.0 -999.0 -999.0 -999.0 -999.0 
1.0 42.9607200623 -1.05688798428 -3.03140854836 28.3101291656 1.10403823853 -2.14293026924 74.5241699219 0.557013988495 0.22181981802 13.6788101196 1.0522531271 2.62058496475 -999.0 -999.0 -999.0 -999.0 -999.0 -999.0 
1.0 199.290252686 -0.0343967303634 -0.863206386566 9.67872428894 0.547378182411 2.44107294083 13.9588918686 -0.586856245995 -3.12655878067 47.6610450745 -0.890459954739 -2.07139492035 192.79133606 -1.49405813217 1.84550487995 59.7324562073 3.81451320648 1.71400606632 
1.0 34.7673721313 -0.75586181879 -0.830957889557 65.2214279175 0.165760114789 1.09988486767 65.0083465576 0.160203531384 1.86720025539 40.3710632324 0.522716462612 -2.46167182922 73.5486526489 1.54214012623 -1.50945746899 -999.0 -999.0 -999.0 
1.0 96.8031234741 0.753453791142 3.10853791237 24.7811145782 2.30744791031 -2.90984201431 64.2891616821 -1.22964000702 1.21802759171 42.3745231628 -1.55383527279 -0.623699247837 43.3596420288 2.19215369225 -0.673692643642 -999.0 -999.0 -999.0 
1.0 13.5714206696 1.78451859951 -1.79280650616 55.4152412415 -0.410433530807 0.889284670353 18.9337615967 2.21125459671 -1.56642127037 78.3625717163 0.317414313555 -1.28117334843 51.3800926208 2.69412922859 1.98605287075 -999.0 -999.0 -999.0 
1.0 80.8526000977 -0.680623948574 -3.14054846764 12.8539648056 1.53671228886 0.181585401297 73.1864776611 0.967084288597 0.072894051671 23.3965320587 -0.769115149975 3.03310465813 -999.0 -999.0 -999.0 -999.0 -999.0 -999.0 
1.0 5.55380916595 -1.37830543518 2.55598640442 68.306098938 1.0546233654 0.0587010756135 30.9619369507 -1.8838006258 -1.83676588535 66.0517044067 -1.54064631462 -3.11098480225 90.6349945068 -0.463974535465 0.534792125225 38.6179962158 0.179129883647 -1.54964447021 
1.0 90.5262985229 -0.821249723434 1.14139711857 33.6679382324 -0.566412389278 3.05840206146 67.0553359985 -0.0890985801816 -1.75167822838 23.278459549 -1.38925755024 0.931999444962 -999.0 -999.0 -999.0 -999.0 -999.0 -999.0 
1.0 53.8030433655 1.45633518696 -0.948151767254 39.3784751892 0.883926272392 2.59972476959 45.1714401245 0.0860359445214 2.52999925613 7.20840263367 -2.30723714828 0.958081126213 -999.0 -999.0 -999.0 -999.0 -999.0 -999.0 
1.0 58.2582550049 -0.79413151741 0.555300951004 35.6900100708 -0.365222752094 -2.34534668922 37.0941696167 -1.01094758511 2.59012293816 29.5587406158 -1.54607963562 -1.23485279083 41.2540893555 2.74892783165 0.886792123318 -999.0 -999.0 -999.0 
1.0 76.7956008911 1.34796380997 -1.57443094254 47.2549858093 1.46071231365 3.05774927139 50.6750564575 0.758983373642 -0.0715125724673 46.050945282 0.796576023102 2.5728802681 47.1914558411 2.2869207859 1.95030391216 45.0112686157 1.85689985752 -0.0781309381127 
1.0 29.2468280792 -2.33882451057 -2.34115505219 28.3636512756 0.125142917037 -1.90793800354 49.4352874756 -0.119850985706 0.0764316692948 31.0430259705 -0.215252861381 -2.33094096184 38.4015655518 -1.45086085796 1.85590565205 -999.0 -999.0 -999.0 
1.0 35.6530761719 -2.18741965294 0.181923240423 21.9473133087 0.0303554218262 2.2895834446 53.0776519775 -1.95170199871 3.10953879356 41.708984375 -2.09887290001 -0.415114730597 -999.0 -999.0 -999.0 -999.0 -999.0 -999.0 
1.0 54.8839073181 -0.253192991018 0.0428685508668 12.1834554672 -0.533041834831 2.08817362785 10.7281627655 -1.25084757805 0.980513930321 54.3305435181 -0.627198517323 1.21839439869 84.0970840454 0.497232079506 -2.30343270302 -999.0 -999.0 -999.0 
1.0 70.7249908447 0.521560490131 1.94622921944 15.1017274857 -1.42979097366 -2.66189432144 43.994140625 0.626130759716 2.68139600754 13.1082897186 -1.7804762125 -1.23241138458 30.3022155762 1.48116505146 -0.901655972004 -999.0 -999.0 -999.0 
1.0 41.7723236084 2.33673501015 -2.0394411087 22.7430610657 1.88183104992 1.11609697342 8.19236373901 1.73494040966 0.737402021885 9.21958351135 0.949213981628 2.00235033035 -999.0 -999.0 -999.0 -999.0 -999.0 -999.0 
1.0 9.40786743164 -2.0047519207 1.05784201622 32.6826019287 0.853807389736 3.08750081062 19.7090911865 -1.43416059017 0.519856452942 15.7857580185 0.803648650646 -1.40595078468 33.0531616211 0.151003569365 -2.78383183479 -999.0 -999.0 -999.0 
1.0 57.2485198975 0.0122110787779 1.40608370304 167.28125 0.889016211033 1.21571540833 62.9119415283 1.38961529732 -2.16313481331 12.2656574249 -0.92929404974 -0.0846525207162 113.95716095 -0.960608661175 -1.87037706375 65.5214157104 -1.0037009716 -1.2763184309 
1.0 16.3072910309 1.85607004166 -0.294255048037 40.1630477905 1.68528962135 2.48289251328 13.7477149963 1.13030278683 -1.46841180325 14.1254930496 2.06469583511 -0.490351140499 -999.0 -999.0 -999.0 -999.0 -999.0 -999.0 
1.0 22.1309394836 -1.57174277306 1.21325349808 80.9205932617 -0.694263756275 -2.35188174248 98.8347702026 -0.614823460579 1.9971678257 53.8005065918 -0.909920573235 0.770909667015 63.6877326965 -2.74356031418 -0.876607477665 34.2279586792 -2.20055866241 -1.04712247849 
1.0 26.0393733978 -0.824162065983 -2.62118148804 18.82239151 0.135253489017 1.29577839375 13.9045543671 -1.29500055313 -0.794258832932 12.1431150436 -1.97083127499 0.648682653904 -999.0 -999.0 -999.0 -999.0 -999.0 -999.0 
1.0 104.806785583 -1.73473680019 1.35883867741 76.3090591431 -1.17961037159 0.488697171211 74.2464523315 -1.76935875416 -0.372013300657 31.2021656036 -1.62689626217 1.90632069111 134.255279541 1.20963275433 -2.55849003792 55.6102752686 -1.80805444717 -2.30720639229 
1.0 33.0690574646 -2.13514661789 0.990016937256 35.3993186951 -0.448503941298 -2.97571563721 44.0253715515 0.660946071148 -0.624866485596 39.1049461365 -0.809887051582 1.00729322433 -999.0 -999.0 -999.0 -999.0 -999.0 -999.0 
1.0 40.8296661377 -0.246380209923 0.693925976753 36.6560173035 1.62269294262 -0.267589002848 31.0285930634 -0.0495450422168 -2.70422530174 25.9788722992 1.39472520351 2.76233267784 -999.0 -999.0 -999.0 -999.0 -999.0 -999.0 
1.0 71.6923675537 1.83076477051 1.23283863068 30.2303409576 0.56289768219 -0.398508816957 48.6388969421 1.43536233902 -2.8096306324 37.1823120117 1.41372621059 -1.19890272617 -999.0 -999.0 -999.0 -999.0 -999.0 -999.0 
1.0 43.5248794556 -0.015924628824 -0.180800542235 27.1965446472 1.52371358871 3.06332468987 63.0594749451 -0.693406105042 2.32804489136 33.1798667908 -0.185981035233 -0.187789201736 -999.0 -999.0 -999.0 -999.0 -999.0 -999.0 
1.0 75.0362930298 -1.37944018841 1.30358910561 23.7878761292 -1.99281275272 -2.0396926403 39.3417701721 -1.89807581902 -1.23338913918 19.4250526428 -0.18724784255 1.99400341511 67.5459823608 -1.95974171162 0.395000636578 -999.0 -999.0 -999.0 
1.0 89.4153671265 -0.763367295265 -2.48206090927 48.3507461548 -0.906786620617 -0.932524502277 39.8245582581 1.1987285614 1.24167227745 43.7460861206 -0.608741521835 0.820318996906 -999.0 -999.0 -999.0 -999.0 -999.0 -999.0 
1.0 28.6480178833 -2.13252282143 2.52771615982 26.4774875641 -0.380339115858 -1.16636192799 6.10878276825 -1.16860079765 -0.200182780623 6.5511674881 -0.989055395126 2.59433794022 -999.0 -999.0 -999.0 -999.0 -999.0 -999.0 
1.0 43.0089302063 0.362514168024 -1.59331822395 24.7830410004 -0.863446295261 0.886923968792 12.1129245758 -0.25459459424 0.970216155052 11.7432088852 -0.102480255067 3.12948322296 -999.0 -999.0 -999.0 -999.0 -999.0 -999.0 
1.0 40.7040328979 -0.678836941719 -2.32690310478 54.8537368774 -0.56938457489 1.1331537962 15.4055128098 -1.09448897839 1.42211663723 26.0227355957 -0.74976348877 -1.41540110111 -999.0 -999.0 -999.0 -999.0 -999.0 -999.0 
1.0 59.6919746399 1.22197306156 -2.18999433517 51.5224075317 0.589224457741 -1.16418731213 79.6992416382 1.84533548355 1.18648827076 29.0960617065 0.906451046467 1.01554369926 32.3565979004 -0.804534316063 3.13012313843 -999.0 -999.0 -999.0 
1.0 38.0876655579 -0.807774484158 -2.5747616291 34.3475189209 0.597951889038 0.347170472145 17.3357391357 0.627418756485 -3.05085968971 12.3971195221 -0.337528288364 -0.56772172451 -999.0 -999.0 -999.0 -999.0 -999.0 -999.0 
1.0 51.6638755798 1.31273925304 1.71711087227 85.3328933716 1.07788288593 0.217917948961 44.7591590881 1.07099664211 -0.709155142307 80.9189071655 0.393522977829 -1.82984042168 109.551177979 0.635441601276 2.58439207077 -999.0 -999.0 -999.0 
1.0 83.637802124 1.22224152088 2.16295218468 18.7320804596 -0.100390799344 -0.269113242626 66.3157653809 -0.549642324448 -0.993572115898 15.361289978 -0.630932569504 -2.97171735764 -999.0 -999.0 -999.0 -999.0 -999.0 -999.0 
1.0 97.4617080688 -1.22214794159 1.16075253487 67.3087615967 -0.201278805733 1.52259278297 99.639289856 -0.135155752301 -2.46277475357 102.680839539 0.129582509398 -1.58098256588 -999.0 -999.0 -999.0 -999.0 -999.0 -999.0 
1.0 44.8385505676 1.30021059513 -0.426659673452 45.1088790894 0.948146522045 2.66651821136 37.0798912048 1.2110054493 0.266381025314 50.8161811829 0.449456959963 -2.56768321991 -999.0 -999.0 -999.0 -999.0 -999.0 -999.0 
1.0 40.2988052368 -2.15395998955 1.43849897385 8.1019487381 1.11923086643 1.42752110958 9.35112667084 -0.782039821148 1.00867521763 23.7202720642 0.263430804014 -2.06409645081 60.5570640564 2.28563094139 -1.58028936386 -999.0 -999.0 -999.0 
1.0 53.462474823 1.80930292606 -0.14314982295 10.2237234116 -0.746525347233 -2.91549348831 79.6757354736 0.0122716901824 3.12446260452 25.3040561676 0.606125473976 0.0607518814504 -999.0 -999.0 -999.0 -999.0 -999.0 -999.0 
1.0 41.3072624207 1.98308849335 2.4180893898 32.4767837524 0.480914026499 -1.48516619205 41.6096115112 0.416516393423 -1.04169690609 40.2978782654 -0.512647151947 1.74578011036 -999.0 -999.0 -999.0 -999.0 -999.0 -999.0 
1.0 43.5554084778 0.239019811153 -1.76739573479 45.4643669128 -0.449682086706 0.778766870499 47.9078483582 1.0077227354 -2.62335658073 36.6518173218 0.137349158525 1.01429605484 -999.0 -999.0 -999.0 -999.0 -999.0 -999.0 
1.0 47.329158783 -1.1392198801 1.65837192535 44.5113372803 -0.877868413925 -0.866200625896 48.7208557129 -1.02825987339 -1.22627592087 52.794178009 -1.03292489052 2.64643335342 -999.0 -999.0 -999.0 -999.0 -999.0 -999.0 
1.0 68.5611724854 -1.8132982254 2.39100050926 37.1215019226 -1.26879370213 0.456092000008 28.4028720856 -0.352664649487 0.355948925018 104.094520569 0.963535487652 -1.12754929066 47.8804359436 2.32430100441 2.29665112495 -999.0 -999.0 -999.0 
1.0 97.4388046265 -1.06220650673 -2.21250319481 29.5038986206 0.125373244286 2.84140491486 92.2632217407 0.3706369102 1.07584965229 49.0390701294 -0.162360802293 -0.24654866755 -999.0 -999.0 -999.0 -999.0 -999.0 -999.0 
1.0 44.0066223145 -1.75176489353 -0.381153970957 20.8691768646 0.50229537487 0.832026660442 41.4019241333 -1.57064497471 -1.48005819321 60.633392334 -0.646580755711 2.93322682381 -999.0 -999.0 -999.0 -999.0 -999.0 -999.0 
1.0 31.3716239929 -1.05209434032 2.44265580177 46.7417640686 -0.915755152702 -0.808967232704 8.77448558807 -1.56869363785 1.64538240433 7.05601072311 -0.0283483564854 2.77361440659 -999.0 -999.0 -999.0 -999.0 -999.0 -999.0 
1.0 32.7084960938 0.217942863703 2.50764298439 25.4310932159 -0.843080878258 -0.945930421352 11.1408815384 -0.649240374565 -0.730462312698 10.7189912796 -1.07633697987 0.536778151989 -999.0 -999.0 -999.0 -999.0 -999.0 -999.0 
1.0 48.8624687195 -0.329008549452 -0.829411149025 147.291213989 -0.87181442976 -1.7695928812 14.3252840042 -1.31497061253 -1.5882846117 136.899780273 -0.661070287228 2.13169074059 53.3778572083 -0.0504197403789 1.26124668121 37.0293884277 -1.67055821419 0.160005316138 
1.0 54.5926895142 -2.03940343857 1.38683986664 20.5460681915 -0.0715091228485 -0.104815229774 10.3161001205 -0.774786174297 2.7435259819 48.4941940308 0.172468706965 -1.67389583588 -999.0 -999.0 -999.0 -999.0 -999.0 -999.0 
1.0 202.033996582 -0.504072725773 -0.219173952937 33.8482055664 -0.0716415345669 0.929320573807 65.354133606 1.93920695782 -2.64712762833 158.490890503 1.82968711853 2.82092308998 -999.0 -999.0 -999.0 -999.0 -999.0 -999.0 
1.0 26.9829025269 2.37573742867 0.299528688192 48.3531646729 1.9531224966 -2.65258955956 5.25244045258 1.91941356659 -2.26573705673 29.9091892242 2.22165441513 1.40280544758 -999.0 -999.0 -999.0 -999.0 -999.0 -999.0 
1.0 26.5298957825 -0.495217770338 -1.01601839066 61.5762405396 0.333806723356 2.51993918419 8.60359764099 2.32977175713 0.020210813731 33.292388916 1.30876743793 -0.645129621029 -999.0 -999.0 -999.0 -999.0 -999.0 -999.0 
1.0 50.854057312 -1.50231409073 -0.952834129333 40.874206543 -1.53144156933 2.01013016701 41.4165420532 -1.73287785053 -2.43963599205 39.7046928406 -0.827546596527 0.902433931828 -999.0 -999.0 -999.0 -999.0 -999.0 -999.0 
1.0 52.7874641418 0.630579471588 3.06812810898 35.4967765808 1.33505737782 -0.0699016824365 22.2194595337 1.08097565174 -0.0765181034803 7.7970252037 0.0448820181191 0.762049496174 -999.0 -999.0 -999.0 -999.0 -999.0 -999.0 
1.0 54.7509460449 -1.10845077038 -2.36261749268 21.2494831085 0.985315799713 3.11585044861 18.7865962982 -1.64524829388 -0.69965583086 47.7268333435 0.228213354945 0.800118088722 -999.0 -999.0 -999.0 -999.0 -999.0 -999.0 
1.0 88.2424545288 -0.150329887867 1.78366923332 16.4974441528 -1.61957621574 -0.339051157236 61.8679542542 0.174700334668 -1.4860496521 21.30377388 0.992703437805 3.03644824028 -999.0 -999.0 -999.0 -999.0 -999.0 -999.0 
1.0 35.2968559265 0.425003170967 2.95528054237 27.8106899261 2.27436757088 0.194944694638 37.5304756165 -1.43115878105 -1.95643830299 7.10988140106 0.654936075211 -2.70465326309 46.6373329163 0.309307515621 0.86750972271 -999.0 -999.0 -999.0 
1.0 65.6204833984 -1.04503715038 0.541389107704 36.1462059021 -0.993605494499 2.94361042976 52.1230735779 0.332668304443 -1.76808309555 39.0988922119 -0.302429974079 1.82133758068 -999.0 -999.0 -999.0 -999.0 -999.0 -999.0 
1.0 36.1363220215 1.49694800377 -3.10994172096 23.0612792969 -0.560719668865 -0.0966348573565 24.0604724884 -1.33690273762 0.28317964077 48.7112426758 0.399363189936 2.56603002548 40.3687896729 -1.4100894928 -0.846814572811 -999.0 -999.0 -999.0 
1.0 33.570110321 -0.332807600498 -1.88336026669 28.6154956818 0.243358179927 2.14119529724 9.57656574249 -1.8569201231 -1.5830899477 8.31410312653 -0.872028410435 -0.510852813721 -999.0 -999.0 -999.0 -999.0 -999.0 -999.0 
1.0 27.8461532593 -1.47317397594 1.49290657043 60.3634643555 0.374544590712 0.738791584969 81.1724700928 -1.28108775616 -2.58507966995 64.5930633545 -1.213747859 -1.47396349907 49.2417640686 1.43545007706 -2.43716669083 46.689956665 -3.13338160515 0.0604154653847 
1.0 23.5325908661 0.803192019463 -2.14444279671 53.2999267578 -0.76787507534 0.650847494602 10.4467248917 0.38012367487 -0.064250446856 7.17741918564 0.206910029054 2.67404961586 52.3441543579 3.37504482269 -3.06724762917 -999.0 -999.0 -999.0 
1.0 97.2926101685 -0.348142623901 -0.224756911397 30.8513412476 -0.0583535209298 1.66199111938 24.0305843353 -0.352767288685 -0.627902567387 100.448272705 -0.173300385475 -2.62637591362 49.3578567505 0.366517066956 1.03937411308 45.1444091797 -2.34832715988 -2.43918323517 
1.0 106.270240784 0.159786134958 -2.64008927345 56.6271514893 0.624783098698 -1.51919054985 130.127868652 0.773047685623 -0.699394643307 54.7518997192 0.529895842075 0.427086770535 174.428237915 2.20750427246 1.8916476965 -999.0 -999.0 -999.0 
1.0 44.254486084 1.81265795231 -3.07897043228 52.8248138428 0.707087695599 2.02242088318 53.5372047424 -1.89487481117 -0.553312718868 19.4813613892 -0.150776281953 -0.104581058025 -999.0 -999.0 -999.0 -999.0 -999.0 -999.0 
1.0 41.4375228882 -1.70960450172 -1.11399555206 56.9511070251 -1.01957643032 0.996306419373 84.8338851929 -0.290133535862 -3.06229043007 31.7266521454 0.321629106998 -0.0735539272428 -999.0 -999.0 -999.0 -999.0 -999.0 -999.0 
1.0 46.623840332 2.04104661942 -0.185645475984 43.9829292297 2.06273174286 2.65560483932 38.6748275757 0.672635674477 -2.92945504189 35.5326004028 1.85569870472 -0.221157208085 31.9719905853 -1.40408360958 -1.91953492165 -999.0 -999.0 -999.0 
1.0 75.6584625244 -1.89748895168 0.0220756102353 69.4185028076 -2.01624917984 1.33448708057 32.8506965637 -0.00913117732853 -1.32994389534 117.485626221 -0.491487145424 -2.77900338173 -999.0 -999.0 -999.0 -999.0 -999.0 -999.0 
1.0 56.9491424561 0.215214803815 0.608451545238 37.6273460388 -0.0543215572834 -2.45231676102 39.4939994812 0.0546628236771 1.21707963943 27.8606338501 -1.92334115505 -1.87761354446 34.4468383789 -3.81578612328 -1.54228699207 -999.0 -999.0 -999.0 
1.0 41.9151916504 -2.11628317833 -0.284006148577 103.365882874 -1.75075149536 -1.71570420265 87.4694824219 -1.9726215601 1.47744655609 44.361415863 -1.07806026936 2.61069560051 -999.0 -999.0 -999.0 -999.0 -999.0 -999.0 
1.0 14.179567337 -2.17749977112 1.63389706612 36.1946716309 -1.09489321709 -2.22275733948 48.0329589844 2.01452970505 2.75949192047 14.3009777069 0.644204437733 1.78428089619 41.4643592834 4.26885890961 -0.370195776224 -999.0 -999.0 -999.0 
1.0 56.5007400513 1.73772478104 0.0708097890019 30.9546947479 0.691484987736 2.99655985832 22.2040843964 1.19942605495 0.262854129076 12.0582857132 0.649279356003 2.11466836929 30.7139663696 -1.2187743187 -2.09481978416 -999.0 -999.0 -999.0 
1.0 27.1697921753 -2.10566663742 2.58873462677 43.2400398254 -0.56223577261 0.186556711793 15.8257436752 -2.05720424652 1.75080871582 71.7390060425 -1.0463463068 -1.90949678421 -999.0 -999.0 -999.0 -999.0 -999.0 -999.0 
1.0 25.9852161407 1.52000486851 -0.387659013271 25.0124263763 1.2494161129 2.44568800926 20.1680049896 1.32958936691 2.1448237896 18.7868404388 0.937232196331 -1.49716353416 -999.0 -999.0 -999.0 -999.0 -999.0 -999.0 
1.0 97.2746810913 1.38429653645 1.4159334898 25.6480484009 0.850932955742 -0.769955933094 100.609558105 0.864661872387 -2.01736593246 21.1895980835 1.39832317829 0.95667552948 -999.0 -999.0 -999.0 -999.0 -999.0 -999.0 
1.0 24.1088867188 -0.261873424053 -0.239730671048 44.111492157 -0.850222945213 3.09694099426 14.4219045639 -1.39242088795 -0.630896568298 6.95527410507 0.0309874489903 0.628334701061 -999.0 -999.0 -999.0 -999.0 -999.0 -999.0 
1.0 54.449848175 -0.760191619396 -2.90388727188 38.1562385559 -0.105846814811 -0.253232687712 47.9304542542 1.72368049622 -0.913820445538 30.5470733643 0.607766807079 1.62671720982 34.0415306091 -2.23398900032 1.85130596161 -999.0 -999.0 -999.0 
1.0 20.7946910858 -1.71296608448 0.895134866238 11.6956825256 0.899496674538 3.05351948738 11.782740593 -1.52060592175 -3.05749940872 9.60786628723 -1.55836939812 -0.74589073658 -999.0 -999.0 -999.0 -999.0 -999.0 -999.0 
1.0 43.8304977417 -0.946709692478 1.32699501514 40.6219863892 -0.467251121998 -1.67978560925 16.1584682465 0.622919559479 -1.79770982265 12.3068370819 0.299703270197 -0.142579853535 -999.0 -999.0 -999.0 -999.0 -999.0 -999.0 
1.0 56.1678314209 -1.9370661974 2.75924324989 68.9410629272 -1.17141890526 -2.2277097702 33.0769882202 -1.19474279881 -0.752246618271 81.6922988892 -0.194299131632 0.712748944759 35.2262191772 2.94253802299 -1.76174604893 -999.0 -999.0 -999.0 
1.0 28.8642177582 -0.425643384457 3.05948328972 119.99066925 0.587918162346 1.80513417721 41.6789894104 2.07446551323 -1.57513153553 14.3166761398 -0.510122179985 -0.727165162563 47.6833114624 1.20985543728 -1.3415915966 -999.0 -999.0 -999.0 
1.0 25.9405441284 0.378220975399 -2.94039154053 83.3747634888 -0.169276937842 0.892169952393 59.8995552063 1.09957253933 -1.52168023586 30.1458320618 -0.342138022184 3.09462714195 -999.0 -999.0 -999.0 -999.0 -999.0 -999.0 
1.0 23.6838493347 2.28290581703 -1.48504781723 15.7670965195 0.159008935094 -3.1289100647 9.52686500549 0.405347168446 -2.9100959301 11.7999734879 0.320757120848 -0.587826728821 30.1956291199 -1.74563980103 1.95955324173 -999.0 -999.0 -999.0 
1.0 36.5613479614 2.32709622383 -1.03628206253 26.7709217072 0.58282995224 2.301653862 25.2367038727 -0.632127583027 1.80314123631 11.3112955093 0.617688536644 -0.606181442738 -999.0 -999.0 -999.0 -999.0 -999.0 -999.0 
1.0 52.2613372803 0.293987095356 -0.585472941399 29.1706008911 1.62920463085 3.06028366089 109.912261963 -1.31371450424 0.883142113686 8.12429237366 0.5162088871 0.988206326962 72.9082107544 -2.6350839138 -2.31802105904 -999.0 -999.0 -999.0 
1.0 52.3725891113 0.652643561363 -0.294265598059 39.9681777954 0.524929583073 3.00365018845 7.95271635056 1.66030156612 2.25040364265 6.17743682861 -0.219564512372 -0.191876173019 -999.0 -999.0 -999.0 -999.0 -999.0 -999.0 
1.0 34.615901947 1.0895396471 0.58759868145 88.7173080444 0.372255295515 -1.08553802967 48.927192688 0.135277599096 -1.99123597145 21.2835178375 0.348692506552 -2.50104284286 104.993858337 -1.4993339777 2.62152862549 75.2306747437 2.23168325424 0.933172762394 
1.0 27.2728919983 1.2538998127 2.44685459137 57.7996330261 -0.921033620834 0.949102342129 13.0540323257 1.31347250938 -3.11878156662 80.6317062378 1.30703449249 -0.412035346031 37.2357902527 -2.87500166893 -1.11192274094 36.1327857971 0.413796633482 2.52517390251 
1.0 35.0541915894 1.24775052071 -0.971812188625 59.6842193604 1.57850313187 2.81563639641 11.7340068817 -2.13674163818 -0.593343913555 35.7339172363 -0.818342447281 0.509119689465 -999.0 -999.0 -999.0 -999.0 -999.0 -999.0 
1.0 73.9206390381 -0.172210305929 -1.49079656601 34.8461532593 -0.109378233552 0.781025469303 68.1138763428 2.07975172997 1.98832058907 18.5022754669 0.438805818558 -1.94344949722 -999.0 -999.0 -999.0 -999.0 -999.0 -999.0 
1.0 34.9320487976 0.298795491457 -1.92716860771 61.5258750916 -0.00542647438124 1.45510399342 27.8188247681 1.75234353542 -0.452309250832 17.4480190277 -0.88105070591 2.62214016914 -999.0 -999.0 -999.0 -999.0 -999.0 -999.0 
1.0 79.7637481689 -1.63079929352 -2.02358460426 14.703537941 0.0359229557216 1.18386852741 92.4123077393 -1.16878056526 1.34250211716 20.7229537964 -1.57193219662 -2.21881222725 33.2941436768 0.52841180563 -1.4022051096 -999.0 -999.0 -999.0 
1.0 52.4254074097 0.187696620822 -1.59763920307 37.0045585632 -1.02175998688 0.304256528616 78.4155654907 -1.91416704655 2.22589373589 28.0766792297 -0.75661277771 -1.33599233627 -999.0 -999.0 -999.0 -999.0 -999.0 -999.0 
1.0 77.1718215942 -1.44933605194 -1.46637499332 44.0915031433 -1.21292674541 3.02557611465 64.1609802246 -0.244350984693 1.07888400555 42.0895500183 -0.0810571089387 3.09215807915 44.7839317322 0.159319549799 -0.236116468906 -999.0 -999.0 -999.0 
1.0 63.3317909241 1.18926167488 -0.0663240253925 54.5385551453 0.893806099892 -1.81680643559 15.8930120468 -1.96747839451 0.780043125153 34.5508155823 0.693625926971 2.41653442383 -999.0 -999.0 -999.0 -999.0 -999.0 -999.0 
1.0 35.4587440491 0.678885698318 -0.115617252886 55.6950454712 0.864972949028 2.92985725403 14.1237678528 1.92265403271 -1.89376890659 25.2274570465 0.170842155814 0.276379674673 -999.0 -999.0 -999.0 -999.0 -999.0 -999.0 
1.0 66.0961227417 -1.53833055496 1.27143287659 34.8933677673 -1.07939350605 -2.68029046059 47.2445335388 0.586377561092 -0.912668168545 41.8152122498 -0.510698854923 -2.94925069809 -999.0 -999.0 -999.0 -999.0 -999.0 -999.0 
1.0 56.9190177917 -0.404163300991 1.28028988838 110.932266235 -0.236979141831 2.46932506561 56.3139762878 0.0877205580473 -3.12778878212 54.9227752686 0.544716000557 -1.37711858749 110.807502747 -1.89590787888 -1.3314319849 33.4548721313 1.17371153831 -0.00773721793666 
1.0 37.7639656067 1.68495702744 -0.353024363518 54.4580383301 0.681102395058 -2.38426089287 16.3234558105 1.77485001087 -2.01597452164 19.7454223633 2.14457774162 -0.883909702301 42.4889297485 2.68016624451 1.78548443317 -999.0 -999.0 -999.0 
1.0 63.9923782349 -0.0458199679852 2.19117665291 33.4228630066 -0.374861776829 -0.435656547546 58.2671546936 0.550549089909 -2.35591101646 46.1741371155 0.129412904382 -0.246226713061 -999.0 -999.0 -999.0 -999.0 -999.0 -999.0 
1.0 70.4507980347 -0.300102084875 -2.13927268982 8.14489936829 -2.10988998413 1.43880164623 24.1495819092 -0.490998327732 -1.8028639555 7.79102087021 1.43332409859 2.59354972839 51.8222808838 0.528407990932 1.45753097534 39.0697822571 -1.2735093832 1.45609247684 
1.0 135.221511841 -1.99119472504 -1.43016326427 31.151216507 -1.25984859467 -0.137616783381 136.976547241 -1.71215379238 1.81862878799 35.701374054 -0.733598768711 2.62412071228 -999.0 -999.0 -999.0 -999.0 -999.0 -999.0 
1.0 37.4945678711 1.27388501167 1.02732145786 17.4321746826 0.0162809621543 -2.18297767639 14.8103818893 -0.123845808208 -2.44067931175 6.20401287079 0.146548360586 -1.00157654285 -999.0 -999.0 -999.0 -999.0 -999.0 -999.0 
1.0 58.5939674377 -0.544796407223 -0.947456002235 36.4758415222 -0.93996411562 1.67272222042 50.3541946411 -2.30859327316 1.90941023827 44.5855484009 -1.77113521099 -0.345415383577 55.165927887 -0.0453611128032 -2.51258206367 -999.0 -999.0 -999.0 
1.0 23.0834999084 -2.10395479202 -1.91116273403 37.7831878662 -0.0604357644916 1.8378329277 46.7718009949 0.0043299314566 0.0100056342781 63.5289344788 -0.915646970272 1.02662694454 44.5710372925 -1.09209871292 -1.91952168941 -999.0 -999.0 -999.0 
1.0 57.6524963379 1.08620369434 0.997515082359 46.7853012085 0.118178479373 -0.616398453712 17.8011665344 -0.217141494155 2.76059246063 52.5926132202 0.846622824669 -2.1097881794 -999.0 -999.0 -999.0 -999.0 -999.0 -999.0 
1.0 25.00548172 1.92185771465 -0.036753475666 186.746582031 0.841715633869 0.724173605442 134.159362793 1.32833838463 -1.81033217907 82.0652770996 1.2018712759 -1.67504823208 87.9317626953 -0.377087712288 2.29350209236 35.3592987061 0.412226617336 -2.86853528023 
1.0 39.0787658691 1.25342392921 -1.79522407055 33.7494125366 -0.0977671146393 0.919356584549 12.2025156021 1.27181720734 2.33738732338 16.120388031 0.0342860110104 -0.689091265202 43.5205726624 0.461780279875 2.26037168503 -999.0 -999.0 -999.0 
1.0 117.956123352 1.36490154266 0.208693414927 14.2082252502 -0.788962125778 -0.723182320595 29.4060401917 -1.40766525269 -1.6456745863 9.83785152435 0.331465870142 -1.78843343258 33.7867965698 0.491493225098 2.69389128685 -999.0 -999.0 -999.0 
1.0 32.6870727539 1.66130673885 0.497332066298 29.6835651398 -0.643863320351 0.431410819292 80.2737579346 -1.21542751789 -2.92411971092 27.6165370941 -1.65220522881 0.5159689188 34.7084465027 3.00313735008 -1.91857969761 -999.0 -999.0 -999.0 
1.0 18.9872303009 -2.39715218544 0.51904040575 9.71892356873 1.42062091827 -0.769070446491 25.5390338898 -0.650036931038 2.62802791595 6.16277313232 -0.94773876667 -0.626966297626 -999.0 -999.0 -999.0 -999.0 -999.0 -999.0 
1.0 48.20652771 0.383033812046 -0.269819378853 46.5369529724 1.34342300892 1.51565122604 29.2475948334 -1.44972193241 -2.62596893311 17.9746665955 1.22084569931 -2.00905251503 -999.0 -999.0 -999.0 -999.0 -999.0 -999.0 
